id: 11902288900
type: node
latitude: 40.70681
longitude: -73.78926
postcode: ""
city: Jamaica
street: 170th Street
housenumber: 170-08
phone: +1-718-262-9822
opening_hours: 24/7
website: ""
