id: 12766782398
type: node
latitude: 40.74862
longitude: -73.89298
postcode: "11372"
city: Jackson Heights
street: 37th Avenue
housenumber: 72-20
phone: +1 718-565-5960
opening_hours: 24/7
website: apnabazar.com
