id: 6744698204
type: node
latitude: 40.77524
longitude: -73.91209
postcode: "11105"
city: Astoria
street: 31st Street
housenumber: 22-48
phone: +1 718-267-1333
opening_hours: 10:00-17:30
website: ""
